84
104
105
115
32
115
101
110
116
101
110
99
101
32
104
97
115
32
102
105
118
101
32
119
111
114
100
115
46
32
72
101
114
101
32
97
114
101
32
102
105
118
101
32
109
111
114
101
32
119
111
114
100
115
46
32
70
105
118
101
45
119
111
114
100
32
115
101
110
116
101
110
99
101
115
32
97
114
101
32
102
105
110
101
46
32
66
117
116
32
115
101
118
101
114
97
108
32
116
111
103
101
116
104
101
114
32
98
101
99
111
109
101
32
109
111
110
111
116
111
110
111
117
115
46
32
76
105
115
116
101
110
32
116
111
32
119
104
97
116
32
105
115
32
104
97
112
112
101
110
105
110
103
46
32
84
104
101
32
119
114
105
116
105
110
103
32
105
115
32
103
101
116
116
105
110
103
32
98
111
114
105
110
103
46
32
84
104
101
32
115
111
117
110
100
32
111
102
32
105
116
32
100
114
111
110
101
115
46
32
73
116
32
105
115
32
108
105
107
101
32
97
32
115
116
117
99
107
32
114
101
99
111
114
100
46
32
84
104
101
32
101
97
114
32
100
101
109
97
110
100
115
32
115
111
109
101
32
118
97
114
105
101
116
121
46
32
78
111
119
32
108
105
115
116
101
110
46
32
73
32
118
97
114
121
32
116
104
101
32
115
101
110
116
101
110
99
101
32
108
101
110
103
116
104
44
32
97
110
100
32
73
32
99
114
101
97
116
101
32
109
117
115
105
99
46
32
77
117
115
105
99
46
32
84
104
101
32
119
114
105
116
105
110
103
32
115
105
110
103
115
46
32
73
116
32
104
97
115
32
97
32
112
108
101
97
115
97
110
116
32
114
104
121
116
104
109
44
32
97
32
108
105
108
116
44
32
97
32
104
97
114
109
111
110
121
46
32
73
32
117
115
101
32
115
104
111
114
116
32
115
101
110
116
101
110
99
101
115
32
97
110
100
32
73
32
117
115
101
32
102
108
97
103
32
65
70
70
67
84
70
123
84
67
80
68
85
77
80
95
78
101
118
101
114
95
68
105
115
97
112
112
111
105
110
116
115
125
46
32
65
110
100
32
73
32
117
115
101
32
115
101
110
116
101
110
99
101
115
32
111
102
32
109
101
100
105
117
109
32
108
101
110
103
116
104
46
32
65
110
100
32
115
111
109
101
116
105
109
101
115
44
32
119
104
101
110
32
73
32
97
109
32
99
101
114
116
97
105
110
32
116
104
101
32
114
101
97
100
101
114
32
105
115
32
114
101
115
116
101
100
44
32
73
32
119
105
108
108
32
101
110
103
97
103
101
32
104
105
109
32
119
105
116
104
32
97
32
115
101
110
116
101
110
99
101
32
111
102
32
99
111
110
115
105
100
101
114
97
98
108
101
32
108
101
110
103
116
104
44
32
97
32
115
101
110
116
101
110
99
101
32
116
104
97
116
32
98
117
114
110
115
32
119
105
116
104
32
101
110
101
114
103
121
32
97
110
100
32
98
117
105
108
100
115
32
119
105
116
104
32
97
108
108
32
116
104
101
32
105
109
112
101
116
117
115
32
111
102
32
97
32
99
114
101
115
99
101
110
100
111
44
32
116
104
101
32
114
111
108
108
32
111
102
32
116
104
101
32
100
114
117
109
115
44
32
116
104
101
32
99
114
97
115
104
32
111
102
32
116
104
101
32
99
121
109
98
97
108
115
32
115
111
117
110
100
115
32
116
104
97
116
32
115
97
121
32
108
105
115
116
101
110
32
116
111
32
116
104
105
115
44
32
105
116
32
105
115
32
105
109
112
111
114
116
97
110
116
46
