49.91982,19.894857
50.019426,19.891884
50.035515,19.89006
50.08049,19.876327
49.991798,19.887314
49.91908,20.191554
49.973381,20.189938
50.080490112305,20.189437866211
50.092027,20.287366
50.105564,20.392029
50.003518,20.428104
49.934921264648,20.407791137695
49.921188354492,20.30891418457
50.10383605957,20.627517700195
50.107296,20.671112
50.102462768555,20.762100219727
50.070877075195,20.719528198242
50.022984,20.721794
50.004959106445,20.723648071289
49.968061,20.726086
50.115638,20.972863
50.064011,20.979355
50.020918,20.977612
49.948654174805,20.985946655273
49.958267211914,21.038131713867
49.957581,21.122589
50.145034790039,21.448745727539
50.066816,21.438063
49.998092651367,21.46110534668
49.99466,21.56479
